undistort: False
image_width: 0 # set 0 to automatically detect
image_height: 0 # set 0 to automatically detect
intrinsic_params:
   fx: 448.6667739392236
   fy: 448.6667739392236
   cx: 500.0
   cy: 312.5
dist_params:
   k1: -0.00560245508
   k2: 0.00475728368
   k3: 0.0
   p1: 0.0
   p2: 0.0